96
318
403
302
201
253
377
300
118
429
2
295
369
298
125
303
218
398
336
267
99
35
125
462
18
467
263
365
256
430
322
91
209
267
207
351
495
108
139
179
433
362
397
172
404
256
493
339
326
408
424
285
390
444
186
314
113
252
417
153
10
297
148
211
345
259
13
126
55
331
486
112
489
105
29
56
160
44
264
242
223
31
349
317
123
381
53
344
83
10
481
410
485
171
478
500
395
287
282
110
92
120
322
116
345
428
56
83
240
402
461
426
62
328
420
30
128
485
102
417
15
76
46
352
266
403
21
203
69
235
163
281
183
478
96
423
384
471
66
329
349
84
36
166
293
409
7
211
185
25
278
465
104
231
86
25
443
190
265
18
225
452
359
406
235
43
124
1
359
149
466
155
169
427
65
290
286
245
419
479
37
395
309
22
481
208
315
167
365
21
206
108
453
411
106
118
472
398
37
121
466
312
297
15
33
228
264
425
298
141
345
194
321
25
492
56
411
312
434
243
64
357
437
232
311
214
381
454
312
347
52
360
136
25
133
100
476
26
292
125
297
182
214
352
119
274
210
497
53
274
364
336
180
123
163
488
60
256
436
241
302
145
343
207
228
452
206
219
304
151
210
68
422
13
249
238
116
249
182
480
411
76
236
77
138
340
248
402
450
243
210
324
138
71
371
446
223
386
376
309
226
406
328
10
364
239
366
38
282
15
173
141
140
205
138
141
302
110
328
392
59
344
462
416
94
495
30
381
91
143
187
20
12
180
278
210
203
306
348
22
380
64
425
114
272
9
227
165
179
21
194
248
438
301
422
328
231
384
350
479
126
139
280
11
447
276
419
9
2
212
209
107
493
468
296
274
217
19
347
376
362
427
281
374
488
48
360
448
267
137
279
370
195
38
35
481
418
247
462
231
50
353
397
314
331
405
129
288
424
96
192
440
436
360
19
135
455
373
94
254
142
115
331
329
255
385
74
233
402
120
288
400
211
201
343
434
396
270
454
492
244
409
339
37
139
367
331
82
15
413
473
289
445
265
213
26
52
130
485
16
183
281
384
364
459
478
74
417
324
56
10
393
407
90
317
415
241
221
188
461
453
35
466
218
369
85
456
427
101
246
307
485
379
91
50
278
219
338
336
35
